NC_011421, 2094, A->T, 1 4 7 10 14, 73 121 81 131 303, 2622 3591 2649 3886 4792
NC_011421, 2097, G->T, 1 4 7 10 14, 50 73 44 130 227, 2793 3886 2779 4130 4524
NC_011421, 2100, A->T, 1 4 7 10 14, 70 102 55 133 280, 2927 3997 2838 4268 4683
NC_011421, 3976, G->C, 1 4 7 10 14, 63 102 230 62 202, 2380 3233 4331 2935 3980
NC_011421, 3976, G->T, 1 4 7 10 14, 70 76 319 79 191, 2380 3233 4331 2935 3980
NC_011421, 3980, G->C, 1 4 7 10 14, 63 115 272 66 169, 2122 2888 4083 2669 4184
NC_011421, 3984, G->T, 1 4 7 10 14, 54 94 260 82 180, 2448 3274 4735 3002 3988
NC_011421, 3985, T->A, 1 4 7 10 14, 98 113 255 108 236, 2460 3278 4764 2986 3941
NC_011421, 3987, A->C, 1 4 7 10 14, 82 146 277 97 200, 2458 3270 4766 2967 3990
NC_011421, 6611, C->T, 1 4 7 10 14, 4 5 131 100 266, 2394 2411 1628 1851 3320
NC_011421, 6612, A->G, 1 4 7 10 14, 3 5 134 101 267, 2386 2393 1625 1839 3312
NC_011421, 7868, T->G, 1 4 7 10 14, 107 84 78 64 259, 1423 1368 927 1121 3018
NC_011421, 8369, G->T, 1 4 7 10 14, 55 57 33 45 245, 2201 2310 1677 1808 2975
NC_011421, 8380, G->T, 1 4 7 10 14, 49 50 38 34 173, 2460 2468 1666 1987 3342
NC_011421, 11413, indel;-1, 1 4 7 10 14, 25 10 0 4 15, 64 26 0 8 37
NC_011421, 11415, indel;-1, 1 4 7 10 14, 12 5 0 0 8, 26 10 0 0 15
NC_011421, 11907, C->A, 1 4 7 10 14, 109 87 142 77 150, 2084 2012 1943 1448 3223
NC_011421, 11907, C->G, 1 4 7 10 14, 202 198 186 101 345, 2084 2012 1943 1448 3223
NC_011421, 11910, C->A, 1 4 7 10 14, 78 69 95 29 126, 1960 1917 1781 1354 3294
NC_011421, 11917, C->A, 1 4 7 10 14, 35 38 37 19 183, 2146 2095 2153 1476 3514
NC_011421, 13101, indel;+TT;-1;+T, 1 4 7 10 14, 1 3 2 20 612, 1536 1563 567 1158 2431
NC_011421, 17212, C->A, 1 4 7 10 14, 13 4 73 10 31, 1301 1346 1304 1029 1169
NC_011421, 17219, G->T, 1 4 7 10 14, 16 13 87 8 23, 1386 1446 1154 1099 1183
NC_011421, 17223, T->A, 1 4 7 10 14, 9 20 64 4 21, 1393 1444 1145 1075 1159
NC_011421, 17227, G->C, 1 4 7 10 14, 15 20 106 12 25, 1386 1431 1128 1050 1114
NC_011421, 17854, T->A, 1 4 7 10 14, 22 35 85 12 68, 1257 1396 1249 1030 1182
NC_011421, 22869, G->C, 1 4 7 10 14, 17 15 47 3 35, 1126 1125 917 855 1039
NC_011421, 22881, G->C, 1 4 7 10 14, 59 68 92 36 55, 1224 1230 1104 912 1197
NC_011421, 22881, G->T, 1 4 7 10 14, 116 84 175 82 162, 1224 1230 1104 912 1197
NC_011421, 22890, T->A, 1 4 7 10 14, 72 96 111 50 132, 1129 1165 1297 806 1188
NC_011421, 22891, A->C, 1 4 7 10 14, 53 67 80 33 88, 1147 1184 1301 816 1231
NC_011421, 23818, A->C, 1 4 7 10 14, 30 38 44 17 99, 967 1111 1020 770 1268
NC_011421, 29792, T->G, 1 4 7 10 14, 76 66 63 52 89, 1106 1083 982 802 1238
NC_011421, 35969, T->G, 1 4 7 10 14, 14 15 73 8 24, 987 925 1095 731 942
NC_011421, 39882, T->A, 1 4 7 10 14, 35 19 31 18 83, 1164 1124 875 828 1407
NC_011421, 39883, A->C, 1 4 7 10 14, 24 31 25 18 83, 1165 1126 873 827 1399
NC_011421, 41093, T->A, 1 4 7 10 14, 38 34 19 14 77, 1270 1136 778 796 1467
NC_011421, 42988, G->T, 1 4 7 10 14, 51 41 56 28 109, 905 847 666 604 1211
NC_011421, 42993, T->A, 1 4 7 10 14, 28 39 21 15 79, 752 718 534 533 1203
NC_011421, 42994, A->C, 1 4 7 10 14, 25 23 22 16 64, 761 723 541 535 1279
NC_011421, 60724, C->A, 1 4 7 10 14, 4 3 1 17 932, 1127 1045 764 814 957
NC_011421, 65106, G->T, 1 4 7 10 14, 31 29 78 38 137, 872 851 656 674 1085
NC_011421, 65112, C->A, 1 4 7 10 14, 45 20 70 23 48, 865 839 918 689 1049
NC_011421, 65113, T->A, 1 4 7 10 14, 77 77 128 38 90, 847 817 919 659 972
NC_011421, 65118, G->C, 1 4 7 10 14, 95 73 166 48 99, 888 854 1063 698 1031
NC_011421, 65120, A->C, 1 4 7 10 14, 109 119 222 79 168, 855 815 1068 675 1051
NC_011421, 65121, G->C, 1 4 7 10 14, 43 58 110 37 69, 916 867 1097 698 1063
NC_011421, 66344, T->C, 1 4 7 10 14, 1 169 84 11 3, 1255 1189 1133 913 1302
NC_011421, 67709, G->A, 1 4 7 10 14, 0 133 46 4 6, 945 862 718 666 1629
NC_011421, 67769, C->A, 1 4 7 10 14, 0 141 516 708 1461, 1051 1020 827 728 1468
NC_011421, 67944, A->C, 1 4 7 10 14, 2 272 2 0 0, 1047 981 1185 790 1702
NC_011421, 67962, G->A, 1 4 7 10 14, 0 0 123 646 1142, 1200 1142 1332 704 1149
NC_011421, 68027, C->A, 1 4 7 10 14, 1 5 425 724 1370, 1216 1110 1265 756 1373
NC_011421, 68037, C->T, 1 4 7 10 14, 0 0 577 28 0, 1374 1267 1233 1022 1661
NC_011421, 69664, T->C, 1 4 7 10 14, 5 278 1 2 1, 1173 1060 777 945 1241
NC_011421, 69847, A->C, 1 4 7 10 14, 0 1 255 712 1038, 1153 1024 939 825 1051
NC_011421, 70659, G->T, 1 4 7 10 14, 43 49 18 36 109, 1281 1203 771 901 1230
NC_011421, 70663, T->A, 1 4 7 10 14, 41 32 19 24 83, 1311 1211 802 893 1243
NC_011421, 70885, G->A, 1 4 7 10 14, 16 102 10 1 0, 1003 909 796 673 1067
NC_011421, 71314, A->G, 1 4 7 10 14, 0 122 427 61 12, 1069 1052 838 831 1182
NC_011421, 71613, A->C, 1 4 7 10 14, 1 120 78 7 6, 957 892 815 760 1202
NC_011421, 71723, G->T, 1 4 7 10 14, 20 19 8 16 52, 866 844 639 599 983
NC_011421, 74884, A->C, 1 4 7 10 14, 8 16 12 6 57, 877 859 609 707 922
NC_011421, 78345, indel;+A;-1;+AA;+AAA;-2, 1 4 7 10 14, 13 9 0 9 114, 452 281 0 200 311
NC_011421, 91709, G->C, 1 4 7 10 14, 32 34 26 15 97, 997 1004 897 756 935
NC_011421, 97964, C->G, 1 4 7 10 14, 63 62 63 47 69, 1174 1036 920 812 879
NC_011421, 97965, T->G, 1 4 7 10 14, 121 106 135 68 131, 1157 1025 915 803 880
NC_011421, 97970, A->T, 1 4 7 10 14, 34 27 40 26 53, 1025 889 771 694 915
NC_011421, 97977, C->A, 1 4 7 10 14, 94 101 131 79 105, 1180 1064 714 798 826
NC_011421, 97981, C->A, 1 4 7 10 14, 36 17 41 18 36, 1200 1093 715 816 881
NC_011421, 98899, indel;G;+TT;+T;-1;T;-3;-2, 1 4 7 10 14, 27 25 12 14 32, 68 45 27 31 59
NC_011421, 99498, A->C, 1 4 7 10 14, 42 43 42 29 76, 1200 1150 1334 863 1229
NC_011421, 101480, A->C, 1 4 7 10 14, 41 35 45 21 53, 1227 1160 674 865 1190
NC_011421, 102924, G->C, 1 4 7 10 14, 28 18 6 15 63, 711 699 569 524 961
NC_011421, 103864, G->A, 1 4 7 10 14, 0 136 117 72 26, 1192 1126 855 897 1426
NC_011421, 107498, G->T, 1 4 7 10 14, 19 22 40 12 40, 1069 1038 673 756 1146
NC_011421, 107501, G->T, 1 4 7 10 14, 21 22 37 19 38, 994 1003 641 709 992
NC_011421, 107512, A->C, 1 4 7 10 14, 32 36 44 23 53, 1024 1038 686 744 1054
NC_011421, 107569, A->C, 1 4 7 10 14, 17 13 6 6 42, 792 722 270 632 837
NC_011421, 113292, T->G, 1 4 7 10 14, 26 22 12 17 73, 1152 1060 563 849 1401
NC_011421, 113295, T->G, 1 4 7 10 14, 37 50 24 26 127, 1126 1043 511 825 1462
NC_011421, 113307, G->T, 1 4 7 10 14, 43 47 31 35 145, 1056 991 462 777 1379
NC_011421, 113821, A->C, 1 4 7 10 14, 11 8 63 3 34, 1078 988 1075 818 1311
NC_011421, 113825, G->T, 1 4 7 10 14, 13 11 89 8 52, 1106 1011 1061 865 1357
NC_011421, 113828, G->T, 1 4 7 10 14, 19 20 121 21 53, 1118 1016 1060 894 1436
NC_011421, 113833, A->C, 1 4 7 10 14, 12 13 61 11 77, 1222 1106 1113 974 1402
NC_011421, 114007, A->C, 1 4 7 10 14, 46 45 18 25 60, 1185 976 534 751 1151
NC_011421, 130327, A->G, 1 4 7 10 14, 285 233 261 160 197, 1096 954 899 718 856
NC_011421, 130329, T->G, 1 4 7 10 14, 66 39 55 25 57, 1176 1024 897 778 926
NC_011421, 130332, A->T, 1 4 7 10 14, 106 94 72 67 146, 1126 951 751 751 959
NC_011421, 131612, T->A, 1 4 7 10 14, 27 26 5 12 71, 836 713 183 595 1146
NC_011421, 131614, A->C, 1 4 7 10 14, 50 45 7 28 111, 835 711 184 595 1094
